请按任意键继续. . . 
1:A->C
 A B C
-------
 0 0 0
 0 0 0
 0 0 0
 0 0 0
 0 0 0
 0 0 0
 2 0 0
 3 0 0
 4 0 0
 5 0 1
2:A->B
 A B C
-------
 0 0 0
 0 0 0
 0 0 0
 0 0 0
 0 0 0
 0 0 0
 0 0 0
 3 0 0
 4 0 0
 5 2 1
3:C->B
 A B C
-------
 0 0 0
 0 0 0
 0 0 0
 0 0 0
 0 0 0
 0 0 0
 0 0 0
 3 0 0
 4 1 0
 5 2 0
4:A->C
 A B C
-------
 0 0 0
 0 0 0
 0 0 0
 0 0 0
 0 0 0
 0 0 0
 0 0 0
 0 0 0
 4 1 0
 5 2 3
5:B->A
 A B C
-------
 0 0 0
 0 0 0
 0 0 0
 0 0 0
 0 0 0
 0 0 0
 0 0 0
 1 0 0
 4 0 0
 5 2 3
6:B->C
 A B C
-------
 0 0 0
 0 0 0
 0 0 0
 0 0 0
 0 0 0
 0 0 0
 0 0 0
 1 0 0
 4 0 2
 5 0 3
7:A->C
 A B C
-------
 0 0 0
 0 0 0
 0 0 0
 0 0 0
 0 0 0
 0 0 0
 0 0 0
 0 0 1
 4 0 2
 5 0 3
8:A->B
 A B C
-------
 0 0 0
 0 0 0
 0 0 0
 0 0 0
 0 0 0
 0 0 0
 0 0 0
 0 0 1
 0 0 2
 5 4 3
9:C->B
 A B C
-------
 0 0 0
 0 0 0
 0 0 0
 0 0 0
 0 0 0
 0 0 0
 0 0 0
 0 0 0
 0 1 2
 5 4 3
10:C->A
 A B C
-------
 0 0 0
 0 0 0
 0 0 0
 0 0 0
 0 0 0
 0 0 0
 0 0 0
 0 0 0
 2 1 0
 5 4 3
11:B->A
 A B C
-------
 0 0 0
 0 0 0
 0 0 0
 0 0 0
 0 0 0
 0 0 0
 0 0 0
 1 0 0
 2 0 0
 5 4 3
12:C->B
 A B C
-------
 0 0 0
 0 0 0
 0 0 0
 0 0 0
 0 0 0
 0 0 0
 0 0 0
 1 0 0
 2 3 0
 5 4 0
13:A->C
 A B C
-------
 0 0 0
 0 0 0
 0 0 0
 0 0 0
 0 0 0
 0 0 0
 0 0 0
 0 0 0
 2 3 0
 5 4 1
14:A->B
 A B C
-------
 0 0 0
 0 0 0
 0 0 0
 0 0 0
 0 0 0
 0 0 0
 0 0 0
 0 2 0
 0 3 0
 5 4 1
15:C->B
 A B C
-------
 0 0 0
 0 0 0
 0 0 0
 0 0 0
 0 0 0
 0 0 0
 0 1 0
 0 2 0
 0 3 0
 5 4 0
16:A->C
 A B C
-------
 0 0 0
 0 0 0
 0 0 0
 0 0 0
 0 0 0
 0 0 0
 0 1 0
 0 2 0
 0 3 0
 0 4 5
17:B->A
 A B C
-------
 0 0 0
 0 0 0
 0 0 0
 0 0 0
 0 0 0
 0 0 0
 0 0 0
 0 2 0
 0 3 0
 1 4 5
18:B->C
 A B C
-------
 0 0 0
 0 0 0
 0 0 0
 0 0 0
 0 0 0
 0 0 0
 0 0 0
 0 0 0
 0 3 2
 1 4 5
19:A->C
 A B C
-------
 0 0 0
 0 0 0
 0 0 0
 0 0 0
 0 0 0
 0 0 0
 0 0 0
 0 0 1
 0 3 2
 0 4 5
20:B->A
 A B C
-------
 0 0 0
 0 0 0
 0 0 0
 0 0 0
 0 0 0
 0 0 0
 0 0 0
 0 0 1
 0 0 2
 3 4 5
21:C->B
 A B C
-------
 0 0 0
 0 0 0
 0 0 0
 0 0 0
 0 0 0
 0 0 0
 0 0 0
 0 0 0
 0 1 2
 3 4 5
22:C->A
 A B C
-------
 0 0 0
 0 0 0
 0 0 0
 0 0 0
 0 0 0
 0 0 0
 0 0 0
 0 0 0
 2 1 0
 3 4 5
23:B->A
 A B C
-------
 0 0 0
 0 0 0
 0 0 0
 0 0 0
 0 0 0
 0 0 0
 0 0 0
 1 0 0
 2 0 0
 3 4 5
24:B->C
 A B C
-------
 0 0 0
 0 0 0
 0 0 0
 0 0 0
 0 0 0
 0 0 0
 0 0 0
 1 0 0
 2 0 4
 3 0 5
25:A->C
 A B C
-------
 0 0 0
 0 0 0
 0 0 0
 0 0 0
 0 0 0
 0 0 0
 0 0 0
 0 0 1
 2 0 4
 3 0 5
26:A->B
 A B C
-------
 0 0 0
 0 0 0
 0 0 0
 0 0 0
 0 0 0
 0 0 0
 0 0 0
 0 0 1
 0 0 4
 3 2 5
27:C->B
 A B C
-------
 0 0 0
 0 0 0
 0 0 0
 0 0 0
 0 0 0
 0 0 0
 0 0 0
 0 0 0
 0 1 4
 3 2 5
28:A->C
 A B C
-------
 0 0 0
 0 0 0
 0 0 0
 0 0 0
 0 0 0
 0 0 0
 0 0 0
 0 0 3
 0 1 4
 0 2 5
29:B->A
 A B C
-------
 0 0 0
 0 0 0
 0 0 0
 0 0 0
 0 0 0
 0 0 0
 0 0 0
 0 0 3
 0 0 4
 1 2 5
30:B->C
 A B C
-------
 0 0 0
 0 0 0
 0 0 0
 0 0 0
 0 0 0
 0 0 0
 0 0 2
 0 0 3
 0 0 4
 1 0 5
31:A->C
 A B C
-------
 0 0 0
 0 0 0
 0 0 0
 0 0 0
 0 0 0
 0 0 1
 0 0 2
 0 0 3
 0 0 4
 0 0 5
